402,192,6000,1,0,0:0:0:100:saron6.wav
475,192,6750,1,0,0:0:0:100:saron7.wav
402,192,7500,1,0,0:0:0:70:saron6.wav
475,192,8250,1,0,0:0:0:70:saron7.wav
182,192,9000,1,0,0:0:0:70:saron3.wav
329,192,9750,1,0,0:0:0:70:saron5.wav
475,192,10500,1,0,0:0:0:70:saron7.wav
402,192,11250,1,0,0:0:0:70:saron6.wav
109,192,12000,1,0,0:0:0:70:saron2.wav
475,192,12750,1,0,0:0:0:70:saron7.wav
109,192,13500,1,0,0:0:0:70:saron2.wav
475,192,14250,1,0,0:0:0:100:saron7.wav
402,192,15000,1,0,0:0:0:70:saron6.wav
329,192,15750,1,0,0:0:0:70:saron5.wav
109,192,16500,1,0,0:0:0:70:saron2.wav
182,192,17250,1,0,0:0:0:70:saron3.wav
329,192,18000,1,0,0:0:0:70:saron5.wav
402,192,18750,1,0,0:0:0:70:saron6.wav
329,192,19500,1,0,0:0:0:70:saron5.wav
402,192,20250,1,0,0:0:0:70:saron6.wav
109,192,21000,1,0,0:0:0:70:saron2.wav
182,192,21750,1,0,0:0:0:70:saron3.wav
402,192,22500,1,0,0:0:0:70:saron6.wav
329,192,23250,1,0,0:0:0:70:saron5.wav
109,192,24000,1,0,0:0:0:70:saron2.wav
182,192,24750,1,0,0:0:0:70:saron3.wav
109,192,25500,1,0,0:0:0:70:saron2.wav
182,192,26250,1,0,0:0:0:70:saron3.wav
402,192,27000,1,0,0:0:0:100:saron6slowing.wav
329,192,27750,1,0,0:0:0:100:saron5slowing.wav
182,192,28572,1,0,0:0:0:100:saron3slowing.wav
109,192,29421,1,0,0:0:0:100:saron2slowing.wav
402,192,30322,1,0,0:0:0:100:saron6slow.wav
475,192,31252,1,0,0:0:0:100:saron7slow.wav
402,192,32182,1,0,0:0:0:100:saron6slow.wav
475,192,33113,1,0,0:0:0:100:saron7slow.wav
182,192,34043,1,0,0:0:0:95:saron3slow.wav
329,192,34973,1,0,0:0:0:100:saron5slow.wav
475,192,35904,1,0,0:0:0:100:saron7slow.wav
402,192,36834,1,0,0:0:0:100:saron6slow.wav
109,192,37765,1,0,0:0:0:100:saron2slow.wav
475,192,38695,1,0,0:0:0:100:saron7slow.wav
109,192,39625,1,0,0:0:0:100:saron2slow.wav
475,192,40556,1,0,0:0:0:100:saron7slow.wav
402,192,41486,1,0,0:0:0:100:saron6slow.wav
329,192,42416,1,0,0:0:0:100:saron5slow.wav
109,192,43347,1,0,0:0:0:100:saron2slow.wav
182,192,44277,1,0,0:0:0:100:saron3slow.wav
329,192,45208,1,0,0:0:0:100:saron5slow.wav
402,192,46138,1,0,0:0:0:100:saron6slow.wav
329,192,47068,1,0,0:0:0:100:saron5slow.wav
402,192,47999,1,0,0:0:0:100:saron6slow.wav
109,192,48929,1,0,0:0:0:100:saron2slow.wav
182,192,49859,1,0,0:0:0:100:saron3slow.wav
402,192,50790,1,0,0:0:0:100:saron6slow.wav
329,192,51720,1,0,0:0:0:100:saron5slow.wav
109,192,52651,1,0,0:0:0:100:saron2slow.wav
182,192,53581,1,0,0:0:0:100:saron3slow.wav
109,192,54511,1,0,0:0:0:100:saron2slow.wav
182,192,55442,1,0,0:0:0:100:saron3slow.wav
402,192,56372,1,0,0:0:0:100:saron6slow.wav
329,192,57302,1,0,0:0:0:100:saron5slow.wav
182,192,58233,1,0,0:0:0:100:saron3slow.wav
109,192,59163,1,0,0:0:0:100:saron2slow.wav